
 Group |  L  |   Time (s) | Cracked at R | Guessable at R
=======+=====+============+==============+===============
     1 |  1  |       0.04 |            7 |              7
     1 |  2  |       2.75 |           14 |             10
     1 |  3  |    3240.00 |           23 |             19
-------+-----+------------+--------------+---------------
     2 |  1  |       0.20 |            7 |              5
     2 |  2  |      53.79 |           15 |             13
     2 |  3  |      46.36 |           15 |             13
-------+-----+------------+--------------+---------------
     3 |  1  |       0.23 |            7 |              7
     3 |  2  |      21.09 |           15 |             12
     3 |  3  |   15056.19 |           23 |             22
-------+-----+------------+--------------+---------------
     4 |  1  |       0.01 |            7 |              5
     4 |  2  |       3.28 |           15 |             10
     4 |  3  |     516.79 |           21 |             20
-------+-----+------------+--------------+---------------
     6 |  1  |       0.64 |            7 |              5
     6 |  2  |     134.72 |           15 |             11
     6 |  3  |   16539.22 |           23 |             15
-------+-----+------------+--------------+---------------
     8 |  1  |       0.13 |            7 |              6
     8 |  2  |      13.24 |           15 |             12
     8 |  3  |    1816.34 |           22 |             20
-------+-----+------------+--------------+---------------
     9 |  1  |       0.02 |            7 |              7
     9 |  2  |       1.48 |           14 |             12
     9 |  3  |     117.44 |           21 |             18
-------+-----+------------+--------------+--------------- 
